function [ii,aa,bb]= lms2lab(L,M,S)
%[(3^(-0.5)),0,0;0,(6^(-0.5)),0;0,0,(2^(-0.5))]*[1,1,1;1,1,-2;1,-1,0]*
ii=0.5774*L+0.5774*M+0.5774*S;
aa=0.4082*L+0.4082*M+(-0.8165)*S;
bb=0.7071*L+(-0.7071)*M;
end